19
101
167
108
181
190
49
81
105
4
53
202
196
109
61
198
126
8
54
101
216
15
213
199
96
94
122
94
153
115
185
67
156
102
227
142
162
44
244
204
174
170
47
125
238
212
146
29
219
189
207
140
161
231
183
9
133
61
183
61
179
213
230
218
58
166
23
171
32
28
243
57
91
1
183
241
53
107
117
94
229
35
234
210
98
251
79
215
235
254
68
204
118
171
1
206
147
144
80
38
74
156
194
179
158
178
214
86
208
15
76
181
149
117
149
85
61
142
250
210
191
32
2
64
14
58
252
116
211
160
72
180
14
41
208
63
104
191
13
63
129
24
224
248
167
182
167
115
7
105
